[[526.0, 47.0], [666.0, 47.0], [666.0, 77.0], [526.0, 77.0]] 0.997 ORIGINAL
[[579.0, 96.0], [616.0, 96.0], [616.0, 140.0], [579.0, 140.0]] 0.998 A
[[80.0, 121.0], [499.0, 125.0], [499.0, 160.0], [80.0, 156.0]] 0.98 CUIT Juridica de Prueba
[[682.0, 114.0], [854.0, 114.0], [854.0, 146.0], [682.0, 146.0]] 0.995 FACTURA
[[561.0, 142.0], [632.0, 142.0], [632.0, 167.0], [561.0, 167.0]] 0.999 COD.01
[[680.0, 168.0], [896.0, 168.0], [896.0, 193.0], [680.0, 193.0]] 0.985 Punto de Venta:00010
[[917.0, 170.0], [1126.0, 170.0], [1126.0, 193.0], [917.0, 193.0]] 0.998 Comp.Nro:00000094
[[37.0, 202.0], [358.0, 204.0], [358.0, 228.0], [37.0, 226.0]] 0.979 Razon Social: Cuit Juridica de Prueba
[[680.0, 202.0], [958.0, 202.0], [958.0, 225.0], [680.0, 225.0]] 0.997 FechadeEmision:13/10/2020
[[39.0, 251.0], [459.0, 251.0], [459.0, 274.0], [39.0, 274.0]] 0.995 DomicilioComercial:8DeDiciembreDiciembre-
[[538.0, 254.0], [574.0, 254.0], [574.0, 274.0], [538.0, 274.0]] 1 153
[[680.0, 247.0], [859.0, 247.0], [859.0, 270.0], [680.0, 270.0]] 0.995 CUIT:30000000007
[[228.0, 274.0], [434.0, 274.0], [434.0, 291.0], [228.0, 291.0]] 0.964 Piso:P.B.Dpto:9-Ciuda
[[678.0, 272.0], [850.0, 272.0], [850.0, 295.0], [678.0, 295.0]] 0.992 Ingresos Brutos: 1
[[39.0, 302.0], [492.0, 302.0], [492.0, 325.0], [39.0, 325.0]] 0.972 Condicion frente al IVA: IVA Responsable Inscripto.
[[680.0, 298.0], [1054.0, 298.0], [1054.0, 316.0], [680.0, 316.0]] 0.973 Fecha de Inicio de Actividades: 01/01/1900
[[37.0, 344.0], [202.0, 344.0], [202.0, 367.0], [37.0, 367.0]] 0.978 CUIT: 20000000001
[[444.0, 347.0], [868.0, 347.0], [868.0, 365.0], [444.0, 365.0]] 0.957 Apellido y Nombre/ Razon Social: PRUEBA EMPLEADO
[[41.0, 381.0], [223.0, 381.0], [223.0, 398.0], [41.0, 398.0]] 0.978 Condicion frente al IVA:
[[259.0, 381.0], [452.0, 382.0], [451.0, 405.0], [258.0, 403.0]] 0.995 IVA Responsable Inscripto 
[[542.0, 381.0], [1128.0, 381.0], [1128.0, 398.0], [542.0, 398.0] 0.951 Domicilio Comercial: Av De Mayo 567 - Capital Federal, Ciudad de Buenos Aires
[[39.0, 412.0], [195.0, 414.0], [195.0, 433.0], [39.0, 431.0]] 0.993 Condicion de venta:
[[225.0, 414.0], [289.0, 414.0], [289.0, 433.0], [225.0, 433.0]] 0.999 Contado
[[37.0, 479.0], [423.0, 479.0], [423.0, 496.0], [37.0, 496.0]] 0.992 Referencia Comercial: una-referencia-comercial-rcel
[[31.0, 510.0], [98.0, 514.0], [96.0, 539.0], [30.0, 534.0]] 1 Codigo
[[114.0, 512.0], [266.0, 516.0], [265.0, 539.0], [113.0, 535.0]] 0.961 Producto / Servicio
[[476.0, 516.0], [549.0, 516.0], [549.0, 535.0], [476.0, 535.0]] 0.999 Cantidad
[[565.0, 514.0], [838.0, 514.0], [838.0, 537.0], [565.0, 537.0]] 0.946 U. medidaPrecio Unit. (uSD)% Bonif
[[845.0, 516.0], [947.0, 516.0], [947.0, 535.0], [845.0, 535.0]] 0.974 Subtotal (USD)
[[965.0, 509.0], [1031.0, 509.0], [1031.0, 528.0], [965.0, 528.0]] 1 Alicuota
[[1045.0, 509.0], [1144.0, 507.0], [1144.0, 526.0], [1045.0, 528.0]] 0.988 Subtotal c/IVA
[[978.0, 524.0], [1013.0, 524.0], [1013.0, 544.0], [978.0, 544.0]] 0.895 IVA
[[1070.0, 526.0], [1117.0, 526.0], [1117.0, 544.0], [1070.0, 544.0]] 0.955 (USD) 
[[34.0, 552.0], [75.0, 557.0], [73.0, 578.0], [31.0, 573.0]] 1 1234
[[112.0, 558.0], [200.0, 558.0], [200.0, 577.0], [112.0, 577.0]] 0.959 un producto
[[529.0, 558.0], [636.0, 558.0], [636.0, 575.0], [529.0, 575.0]] 0.95 1,00 unidades
[[700.0, 554.0], [774.0, 558.0], [773.0, 577.0], [699.0, 573.0]] 0.991 10000,00
[[792.0, 554.0], [831.0, 559.0], [829.0, 580.0], [789.0, 575.0]] 0.988 0,00
[[891.0, 558.0], [970.0, 558.0], [970.0, 575.0], [891.0, 575.0]] 0.961 10000,00
[[965.0, 552.0], [1015.0, 557.0], [1013.0, 578.0], [963.0, 573.0]] 0.998 21%
[[1088.0, 554.0], [1160.0, 558.0], [1159.0, 577.0], [1087.0, 573.0]] 0.984 12100,00
[[29.0, 968.0], [149.0, 972.0], [148.0, 995.0], [28.0, 991.0]] 0.999 Otros Tributos
[[854.0, 972.0], [1146.0, 972.0], [1146.0, 995.0], [854.0, 995.0]] 0.984 Moneda: UsD - Dolar Estadounidense
[[37.0, 996.0], [128.0, 996.0], [128.0, 1016.0], [37.0, 1016.0]] 0.993 Descripcion
[[359.0, 991.0], [420.0, 995.0], [419.0, 1020.0], [357.0, 1015.0]] 0.995 Detalle
[[529.0, 996.0], [593.0, 996.0], [593.0, 1016.0], [529.0, 1016.0]] 0.998 Alic. %
[[632.0, 998.0], [698.0, 998.0], [698.0, 1017.0], [632.0, 1017.0]] 0.999 Importe
[[30.0, 1017.0], [312.0, 1019.0], [312.0, 1042.0], [30.0, 1040.0]] 0.981 Per./Ret. de Impuesto a las Ganancias.
[[659.0, 1019.0], [698.0, 1019.0], [698.0, 1040.0], [659.0, 1040.0]] 0.997 0,00
[[34.0, 1042.0], [154.0, 1042.0], [154.0, 1061.0], [34.0, 1061.0]] 0.989 Per./Ret. de IVA
[[659.0, 1042.0], [698.0, 1042.0], [698.0, 1063.0], [659.0, 1063.0]] 0.999 0,00
[[776.0, 1054.0], [1006.0, 1054.0], [1006.0, 1072.0], [776.0, 1072.0]] 0.963 Importe Neto Gravado:USD
[[1071.0, 1051.0], [1153.0, 1051.0], [1153.0, 1075.0], [1071.0, 1075.0]] 0.955 10000,00
[[34.0, 1065.0], [218.0, 1065.0], [218.0, 1082.0], [34.0, 1082.0]] 0.974 Per./Ret. Ingresos Brutos
[[659.0, 1063.0], [698.0, 1063.0], [698.0, 1084.0], [659.0, 1084.0]]0.997 0,00
[[34.0, 1088.0], [174.0, 1088.0], [174.0, 1105.0], [34.0, 1105.0]] 0.994 Impuestos Internos
[[659.0, 1086.0], [698.0, 1086.0], [698.0, 1107.0], [659.0, 1107.0]]0.998 0,00 
[[892.0, 1079.0], [1006.0, 1079.0], [1006.0, 1098.0], [892.0, 1098.0]] 0.922 IVA 27%:USD
[[1112.0, 1079.0], [1153.0, 1079.0], [1153.0, 1100.0], [1112.0, 1100.0]] 0.991 0,00
[[32.0, 1107.0], [200.0, 1109.0], [200.0, 1128.0], [32.0, 1126.0]] 0.998 Impuestos Municipales
[[659.0, 1107.0], [698.0, 1107.0], [698.0, 1128.0], [659.0, 1128.0]] 0.997 0,00
[[892.0, 1105.0], [1006.0, 1105.0], [1006.0, 1124.0], [892.0, 1124.0]] 0.922 IVA 27%:USD
[[1112.0, 1079.0], [1153.0, 1079.0], [1153.0, 1100.0], [1112.0, 1100.0]] 0.991 0,00
[[32.0, 1107.0], [200.0, 1109.0], [200.0, 1128.0], [32.0, 1126.0]] 0.998 Impuestos Municipales
[[659.0, 1107.0], [698.0, 1107.0], [698.0, 1128.0], [659.0, 1128.0]] 0.997 0,00
[[892.0, 1105.0], [1006.0, 1105.0], [1006.0, 1124.0], [892.0, 1124.0]] 0.932 IVA 21%:USD
[[1080.0, 1103.0], [1155.0, 1103.0], [1155.0, 1128.0], [1080.0, 1128.0]] 0.999 2100,00
[[351.0, 1135.0], [576.0, 1135.0], [576.0, 1158.0], [351.0, 1158.0]] 0.983 Importe Otros Tributos: USD
[[655.0, 1135.0], [698.0, 1135.0], [698.0, 1156.0], [655.0, 1156.0]] 0.98 0,00
[[878.0, 1131.0], [1006.0, 1131.0], [1006.0, 1151.0], [878.0, 1151.0]] 0.957 IVA 10.5%: USD
[[1110.0, 1128.0], [1155.0, 1128.0], [1155.0, 1154.0], [1110.0, 1154.0]] 0.999 0,00
[[901.0, 1158.0], [1006.0, 1158.0], [1006.0, 1177.0], [901.0, 1177.0]] 0.917 IVA 5%:USD
[[1110.0, 1154.0], [1155.0, 1154.0], [1155.0, 1181.0], [1110.0, 1181.0]] 0.999 0,00
[[887.0, 1182.0], [1006.0, 1182.0], [1006.0, 1202.0], [887.0, 1202.0]] 0.979 IVA 2.5%:USD
[[1110.0, 1182.0], [1153.0, 1182.0], [1153.0, 1203.0], [1110.0, 1203.0]] 0.983 0,00
[[903.0, 1209.0], [1006.0, 1209.0], [1006.0, 1228.0], [903.0, 1228.0]] 0.972 IVA0%USD
[[1112.0, 1209.0], [1153.0, 1209.0], [1153.0, 1230.0], [1112.0, 1230.0]] 0.991 0,00
[[767.0, 1235.0], [1006.0, 1235.0], [1006.0, 1258.0], [767.0, 1258.0]] 0.988 Importe Otros Tributos: USD
[[1112.0, 1237.0], [1153.0, 1237.0], [1153.0, 1258.0], [1112.0, 1258.0]] 0.991 0,00
[[834.0, 1265.0], [1006.0, 1265.0], [1006.0, 1288.0], [834.0, 1288.0]] 0.982 Importe Total: USD
[[1062.0, 1263.0], [1155.0, 1263.0], [1155.0, 1288.0], [1062.0, 1288.0]] 1 12100,00
[[87.0, 1295.0], [962.0, 1295.0], [962.0, 1317.0], [87.0, 1317.0]] 0.992 El total de este comprobante expresado en moneda de curso legal - Pesos Argentinos - considerandose un tipo de cambio
[[689.0, 1316.0], [979.0, 1316.0], [979.0, 1333.0], [689.0, 1333.0]] 0.958 consignado de 65,000000 asciende a:$
[[1053.0, 1308.0], [1157.0, 1312.0], [1156.0, 1337.0], [1052.0, 1333.0]] 0.999 786500,00
[[541.0, 1361.0], [657.0, 1365.0], [656.0, 1390.0], [540.0, 1386.0]] 0.997 "Leyenda 1"
[[552.0, 1421.0], [634.0, 1421.0], [634.0, 1445.0], [552.0, 1445.0]] 0.958 Pag. 1/1
[[246.0, 1433.0], [406.0, 1433.0], [406.0, 1477.0], [246.0, 1477.0]] 0.598 d00V
[[884.0, 1430.0], [1130.0, 1430.0], [1130.0, 1452.0], [884.0, 1452.0]] 0.999 CAE N: 70417054367476
[[747.0, 1459.0], [1075.0, 1459.0], [1075.0, 1482.0], [747.0, 1482.0]] 0.985 Fecha de Vto. de CAE: 23/10/2020
[[230.0, 1495.0], [450.0, 1495.0], [450.0, 1517.0], [230.0, 1517.0]] 0.998 Comprobante Autorizado